913.84 448.36 67880513
247.19 839.03 17764434
225.4 357.71 67245056
974.84 730.47 537963138
838.81 779.87 32800
103.76 604.12 25168960
760.39 453.28 585120784
833.74 118.21 537402944
643.42 188.93 830472704
475.19 334.91 8978992
375.49 946.56 134219936
796.47 709.34 201328131
482.47 793.11 39846020
607.22 826.31 3146310
167.85 713.8 613466208
457.9 266.58 13322
681.54 643.11 16384000
836.64 505.06 606794
170.62 70.22 369135617
687.26 845.43 52887556
718.67 701.2 134348888
76.03 897.72 167929873
52.67 116.65 67117185
349.46 831.52 604504656
70.99 0.8 302204096
327.97 645.92 1051905
5.67 892.75 277103622
956.91 576.93 270297112
92.34 996.23 268435480
345.84 456.41 676006149
516.79 683.65 3162532
882.15 494.79 46272928
909.6 938.21 1901568
849.22 867.16 1156429
962.45 292.87 180880524
377.76 700.37 135340034
501.08 452.04 8524356
268.33 902.28 30417992
295.64 913.66 100480
935.57 292.84 34670864
403.72 641.35 86272
502.97 871.23 2532656
411.29 753.84 277643776
711.47 889.76 278936
271.47 227.76 302514185
526.53 912.95 805322755
749.58 915.51 637545984
789.85 150.53 134219782
503.9 722.89 0
345.31 645.63 160956548
863.24 823.1 281153060
874.27 308.18 12583424
494.43 653.19 12615681
853.19 234.7 16960
688.79 371.87 75497504
532.64 656.65 4199632
86.57 845.65 42106912
909.58 938.2 97148940
438.62 538.54 421666853
176.61 290.7 19005475
925.09 212.52 68684864
155.31 738.11 25362447
958.68 406.77 268441892
620.56 550.8 8651780
4.94 826.0 272630796
600.37 112.76 269551872
532.12 39.91 168069637
88.78 643.94 757366786
341.12 754.74 22544
987.03 686.19 136382466
854.3 987.22 20448256
867.21 304.34 9013504
691.97 145.73 20
609.22 413.7 16785408
345.94 4.14 269615108
637.1 743.31 536871077
856.43 765.38 67666944
568.49 596.72 67264524
865.92 708.93 825930020
46.42 711.68 770
200.99 397.53 59488
256.47 267.1 320275528
387.18 493.0 537919496
559.49 310.12 35655690
355.7 425.54 16783401
425.41 525.6 285230088
721.21 479.4 25493528
276.19 553.72 37855904
109.57 125.78 558115366
918.35 661.59 285476912
730.99 404.13 142770241
235.02 288.44 629934080
662.87 332.85 180358182
455.12 697.51 268435584
403.49 345.1 153125382
188.69 39.68 41951496
884.1 506.61 704652674
325.48 784.09 17043536
470.63 973.74 4327050
851.22 802.72 1048582
